   0  1  2  3  4  5  6  7  8  9  a  b  c  d  e  f  
R0 00 00 00 00 00 00 00 00 00 00 00 00 00 00 00 00 
R1 00 00 00 00 00 00 00 00 00 00 00 00 00 00 00 00 
R2 00 00 00 00 00 00 00 00 00 00 00 00 00 00 00 00 
R3 00 00 00 00 00 00 00 00 00 00 00 00 00 00 00 00 
R4 00 00 00 00 00 00 00 00 00 00 00 00 00 00 00 00 
R5 00 00 00 00 00 00 00 00 00 00 00 00 00 00 00 00 
R6 00 00 00 00 00 00 00 00 00 00 00 00 00 00 00 00 
R7 00 00 00 00 00 00 00 00 00 00 00 00 00 00 00 00 
R8 00 00 00 00 00 00 00 00 00 00 00 00 00 00 00 00 
R9 00 00 00 00 00 00 00 00 00 00 00 00 00 00 00 00 
Ra 00 00 00 00 00 00 00 00 00 00 00 00 00 00 00 00 
Rb 00 00 00 00 00 00 00 00 00 00 00 00 00 00 00 00 
Rc 00 00 00 00 00 00 00 00 00 00 00 00 00 00 00 00 
Rd 00 00 00 00 00 00 00 00 00 00 00 00 00 00 00 00 
Re 00 00 00 00 00 00 00 00 00 00 00 00 00 00 00 00 
Rf 00 00 00 00 00 00 00 00 00 00 00 00 00 00 00 00 
